0.3418577313423157
0.38152721524238586
0.410916805267334
0.41222983598709106
0.41319525241851807
0.4139523506164551
0.4145686626434326
0.41508281230926514
0.4155190885066986
0.41589346528053284
0.41621723771095276
0.41649937629699707
0.416746586561203
0.41696488857269287
0.4171583652496338
0.4173307418823242
0.41748490929603577
0.41762351989746094
0.4177485406398773
0.41786178946495056
0.4179646968841553
0.4180585741996765
0.4181443452835083
0.41822314262390137
0.41829556226730347
0.41836240887641907
0.41842415928840637
0.4184814393520355
0.41853463649749756
0.4185841381549835
0.41863033175468445
0.4186735153198242
0.41871392726898193
0.4187518358230591
0.41878750920295715
0.41882097721099854
0.41885262727737427
0.41888242959976196
0.4189106225967407
0.4189372658729553
0.4189625084400177
0.4189864695072174
0.4190092086791992
0.4190308451652527
0.4190514087677002
0.4190710186958313
0.4190897047519684
0.4191075265407562
0.4191245436668396
0.41914087533950806
0.41915643215179443
0.41917136311531067
0.41918569803237915
0.4191994071006775
0.41921257972717285
0.41922521591186523
0.4192373752593994
0.4192490577697754
0.41926032304763794
0.4192711412906647
0.41928160190582275
0.4192916750907898
0.4193013906478882
0.4193107485771179
0.4193198084831238
0.41932857036590576
0.41933706402778625
0.4193452298641205
0.4193531274795532
0.41936078667640686
0.4193682372570038
0.4193754196166992
0.41938239336013794
0.41938915848731995
0.41939571499824524
0.4194021224975586
0.41940826177597046
0.41941431164741516
0.41942012310028076
0.4194258153438568
0.41943132877349854
0.4194366931915283
0.41944193840026855
0.4194469749927521
0.4194519519805908
0.4194567799568176
0.4194614589214325
0.4194660782814026
0.41947048902511597
0.41947489976882935
0.419479101896286
0.4194832444190979
0.4194872975349426
0.4194912314414978
0.4194951057434082
0.41949883103370667
0.4195025563240051
0.41950610280036926
0.4195095896720886
0.4195130467414856
